// === OPTIMIZED MATERIAL WEIGHTS ===
pub const MATERIAL_MG: [i32; 6] = [73, 349, 361, 480, 1170, -3];
pub const MATERIAL_EG: [i32; 6] = [112, 202, 229, 353, 543, 0];

// === OPTIMIZED MIDGAME PSTS ===
pub const PAWN_MG_PST: [i32; 64] = [
      -1,   -2,    0,    1,    1,    0,   -2,   -1, 
      -9,    6,   -7,  -18,  -18,   -7,    6,   -9, 
     -30,   18,  -17,   17,   17,  -17,   18,  -30, 
      -3,   19,   -9,    6,    6,   -9,   19,   -3, 
       3,   -1,   20,   18,   18,   20,   -1,    3, 
       5,   30,  -10,   60,   60,  -10,   30,    5, 
     101,  -55,   62,   35,   35,   62,  -55,  101, 
       1,   -1,    2,   -3,   -3,    2,   -1,    1, 
];

pub const KNIGHT_MG_PST: [i32; 64] = [
    -121,  -43,   24,  -83,  -83,   24,  -43, -121, 
     -34,   30,   11,  -32,  -32,   11,   30,  -34, 
     -28,   -6,   -3,    1,    1,   -3,   -6,  -28, 
     -16,   14,   16,   25,   25,   16,   14,  -16, 
     -17,    3,   42,   39,   39,   42,    3,  -17, 
      -7,   17,   22,   37,   37,   22,   17,   -7, 
     -65,  -59,   22,  154,  154,   22,  -59,  -65, 
    -326,    2, -269,  -10,  -10, -269,    2, -326, 
];

pub const BISHOP_MG_PST: [i32; 64] = [
     -14,  127,  -70,  -32,  -32,  -70,  127,  -14, 
     -77,   -5,   19,  -32,  -32,   19,   -5,  -77, 
      -4,    0,    0,    0,    0,    0,    0,   -4, 
     -34,  -34,   20,   16,   16,   20,  -34,  -34, 
      -1,   25,  -29,   38,   38,  -29,   25,   -1, 
     -24,   73,   43,  109,  109,   43,   73,  -24, 
    -109,   17,   29,   -4,   -4,   29,   17, -109, 
      80,   18,   58,  -18,  -18,   58,   18,   80, 
];

pub const ROOK_MG_PST: [i32; 64] = [
     -34,  -12,    5,    2,    2,    5,  -12,  -34, 
     -26,  -21,  -36,   -1,   -1,  -36,  -21,  -26, 
      -1,  -17,    0,   22,   22,    0,  -17,   -1, 
      73,   17,   -4,   -4,   -4,   -4,   17,   73, 
      39,    2,   26,   81,   81,   26,    2,   39, 
       2,   15,   38,   31,   31,   38,   15,    2, 
       8,   16,    4,   25,   25,    4,   16,    8, 
      45,   39,   21,    1,    1,   21,   39,   45, 
];

pub const QUEEN_MG_PST: [i32; 64] = [
     -12,  -44,  -25,  -42,  -42,  -25,  -44,  -12, 
       7,   -5,  -11,  -30,  -30,  -11,   -5,    7, 
     -14,    6,   -9,  -17,  -17,   -9,    6,  -14, 
      26,   16,  -13,   13,   13,  -13,   16,   26, 
      -3,    4,    8,   37,   37,    8,    4,   -3, 
      60,   21,   52,   72,   72,   52,   21,   60, 
      12,    4,   49,   42,   42,   49,    4,   12, 
      82,   18,    3,    7,    7,    3,   18,   82, 
];

pub const KING_MG_PST: [i32; 64] = [
       2,    4,  -24,  -14,  -14,  -24,    4,    2, 
      -2,   17,   16,   16,   16,   16,   17,   -2, 
     -28,  -67,   48,    0,    0,   48,  -67,  -28, 
     -86,  197,    8,   12,   12,    8,  197,  -86, 
    -176,    0,   65,   -4,   -4,   65,    0, -176, 
      19,    0,    0,   32,   32,    0,    0,   19, 
      15,    0,  209,    7,    7,  209,    0,   15, 
       9,  -14,   68,   12,   12,   68,  -14,    9, 
];

// === OPTIMIZED ENDGAME PSTS ===
pub const PAWN_EG_PST: [i32; 64] = [
      -2,    1,    2,    0,    0,    2,    1,   -2, 
     -12,  -12,  -21,    7,    7,  -21,  -12,  -12, 
       1,   -2,   -4,   12,   12,   -4,   -2,    1, 
       1,    0,   -8,  -12,  -12,   -8,    0,    1, 
     -24,    2,  -32,    3,    3,  -32,    2,  -24, 
      30,   66,   27,   33,   33,   27,   66,   30, 
       6,  144,   90,   71,   71,   90,  144,    6, 
      -1,    0,    0,    0,    0,    0,    0,   -1, 
];

pub const KNIGHT_EG_PST: [i32; 64] = [
     -28, -140,  -49,    0,    0,  -49, -140,  -28, 
      74,    3,  -43,  -13,  -13,  -43,    3,   74, 
       1,    8,  -16,   -4,   -4,  -16,    8,    1, 
     -54,   39,   19,  -16,  -16,   19,   39,  -54, 
      11,  -54,  -50,  -18,  -18,  -50,  -54,   11, 
      -5,   -1,   16,    0,    0,   16,   -1,   -5, 
     -28,  -32,    0,   17,   17,    0,  -32,  -28, 
     -92,  -39,  -22,  -30,  -30,  -22,  -39,  -92, 
];

pub const BISHOP_EG_PST: [i32; 64] = [
     181,  -47,   -6, -104, -104,   -6,  -47,  181, 
     -30,    0,    0,    0,    0,    0,    0,  -30, 
       0,   -2,    0,   13,   13,    0,   -2,    0, 
     -56,   -4,  -37,    0,    0,  -37,   -4,  -56, 
     -57,   -3,    4,  -54,  -54,    4,   -3,  -57, 
       9,  -52,  -16,  -46,  -46,  -16,  -52,    9, 
     -28,  -37,   -9,  -73,  -73,   -9,  -37,  -28, 
     -50,   -8,  -81,   -2,   -2,  -81,   -8,  -50, 
];

pub const ROOK_EG_PST: [i32; 64] = [
       0,    0,   -3,    0,    0,   -3,    0,    0, 
       0,  -39,   16,  -12,  -12,   16,  -39,    0, 
     -18,   -2,    0,   11,   11,    0,   -2,  -18, 
       0,    0,  -13,   24,   24,  -13,    0,    0, 
      26,   31,   12,    8,    8,   12,   31,   26, 
       6,   28,   21,   10,   10,   21,   28,    6, 
      -8,    0,    0,    9,    9,    0,    0,   -8, 
       1,   26,   -7,   -3,   -3,   -7,   26,    1, 
];

pub const QUEEN_EG_PST: [i32; 64] = [
      -1,   -7,  -25,    0,    0,  -25,   -7,   -1, 
      -5,   -1,    0,    0,    0,    0,   -1,   -5, 
       1,  -37,    0,    0,    0,    0,  -37,    1, 
      -2,  -37,   -2,  -11,  -11,   -2,  -37,   -2, 
       0,   15,    3,   24,   24,    3,   15,    0, 
       6,   -3,    7,    2,    2,    7,   -3,    6, 
       2,   -6,    1,    1,    1,    1,   -6,    2, 
      -2,   25,    6,    8,    8,    6,   25,   -2, 
];

pub const KING_EG_PST: [i32; 64] = [
      -1,  -70,  -32,  -31,  -31,  -32,  -70,   -1, 
      -5,  -14,   -8,    0,    0,   -8,  -14,   -5, 
     -32,   -6,    0,   12,   12,    0,   -6,  -32, 
     -24,  -51,   19,   12,   12,   19,  -51,  -24, 
     -16,    0,   17,   44,   44,   17,    0,  -16, 
      14,  -48,    0,   71,   71,    0,  -48,   14, 
      73,    0,   28,   79,   79,   28,    0,   73, 
     -29,  -64,   75,   25,   25,   75,  -64,  -29, 
];

